4
703
267
313
725
728
98
648
63
348
349
416
487
553
281
531
786
535
703
200
601
15
713
817
894
537
812
575
67
361
311
970
259
661
283
819
809
754
679
399
856
842
882
535
669
511
36
16
730
812
548
525
629
96
563
711
357
755
21
470
701
93
716
896
441
608
165
828
66
778
832
534
454
631
21
56
576
954
906
143
325
182
421
928
535
523
426
548
332
810
637
989
385
420
978
931
8
276
154
368
929
90
854
96
471
749
209
755
892
333
645
21
436
923
704
537
321
344
57
727
944
484
269
109
572
413
642
398
531
717
800
222
276
849
980
294
339
770
920
163
660
613
13
199
325
140
817
809
742
631
70
176
303
797
107
449
795
660
732
569
541
567
516
878
445
982
960
0
749
690
671
185
561
269
156
866
73
81
332
589
197
319
181
43
338
50
52
133
457
305
361
993
820
545
311
410
408
851
201
28
960
679
812
715
407
50
109
582
511
990
953
765
586
490
939
592
156
363
673
923
145
32
543
375
841
973
96
873
543
351
702
364
796
96
693
150
653
775
791
155
947
30
219
144
16
922
591
243
44
25
148
370
926
886
433
820
136
193
349
38
822
896
281
597
744
375
291
298
292
700
411
437
896
503
306
887
725
824
103
245
829
500
271
244
596
103
210
107
230
536
98
784
483
674
214
824
643
352
1
563
578
636
787
513
19
241
277
910
657
678
178
143
789
152
640
601
235
629
681
355
408
597
627
323
195
348
169
458
306
116
834
69
896
662
188
190
765
948
972
526
956
854
715
230
365
930
103
385
1
103
248
414
191
351
709
55
322
580
346
648
415
711
717
77
527
413
908
39
901
601
901
316
72
974
826
730
70
925
253
162
249
415
898
125
905
588
173
194
891
657
803
312
953
737
85
619
126
174
648
268
584
321
598
712
316
852
402
623
451
922
214
841
853
301
372
511
642
196
274
910
235
165
183
907
276
915
413
966
417
66
185
213
469
906
57
200
736
879
597
633
995
274
280
92
653
160
231
286
994
542
661
743
871
398
851
913
974
782
801
684
531
552
564
382
962
119
234
597
794
672
81
405
113
65
72
687
294
884
136
284
882
12
384
295
803
931
951
914
637
541
551
991
45
203
636
116
869
990
704
239
426
876
237
17
23
729
677
51
557
726
223
471
234
451
955
103
213
398
991
563
843
103
109
520
911
300
187
654
144
657
365
64
35
74
287
576
837
714
146
577
148
26
741
104
212
322
163
491
65
656
851
678
477
761
461
422
629
221
345
3
29
834
680
23
235
390
95
651
416
710
727
814
792
74
257
76
162
158
242
657
383
103
197
613
708
337
659
954
363
619
967
93
476
731
875
457
245
27
149
963
878
686
21
467
525
256
260
353
326
261
638
504
907
549
388
629
141
722
773
392
558
367
205
496
960
345
33
577
49
725
627
597
365
0
746
275
578
661
317
9
12
398
555
871
431
717
955
160
22
834
468
659
898
847
840
155
287
323
273
302
994
63
936
440
807
150
284
651
692
740
145
803
537
35
680
248
947
890
241
725
163
339
373
735
327
938
329
667
403
473
970
703
245
789
599
226
811
277
112
508
530
743
286
989
833
577
159
882
840
997
457
248
314
118
755
224
666
418
600
764
835
114
322
975
481
893
44
894
5
34
84
119
62
788
992
439
764
507
829
534
412
321
432
334
840
761
667
789
483
689
280
758
710
593
439
921
782
951
587
122
470
173
927
653
10
156
918
680
944
862
852
134
293
807
83
977
42
809
7
430
379
462
895
405
55
647
279
618
746
389
459
888
595
140
974
428
190
309
575
877
992
206
332
322
823
562
779
864
498
286
235
975
212
764
859
899
325
861
593
441
279
15
263
903
702
872
110
438
673
351
796
538
927
491
435
229
680
279
806
551
101
989
897
624
985
515
987
873
680
9
261
943
145
249
499
168
950
509
613
134
9
786
293
952
383
870
631
721
730
801
521
883
49
417
393
366
314
110
273
40
406
257
449
648
424
376
945
651
244
471
837
436
868
793
375
704
47
168
372
518
566
841
96
250
234
53
143
141
872
484
82
44
122
426
495
746
192
500
754
421
485
48
556
85
69
396
333
20
24
607
330
101
796
949
86
980
277
44
739
779
108
23
212
793
522
735
637
245
539
931
430
929
402
815
73
554
749
849
610
980
56
640
617
101
229
606
415
949
703
340
143
284
374
597
87
581
135
117
641
142
158
891
61
842
176
665
841
452
712
925
84
679
256
570
474
581
817
953
708
998
